9.592813225402445 -8.34079747870679
10.219559667656709 -6.724862540795746
6.844648618628772 -6.45212236902555
5.2172526122843665 -4.757530002941934
5.026831763622368 -5.084464670315143
5.549920989455687 -4.116190150661719
4.2429232147485765 -4.124628079043832
3.877145658778265 -3.96920340259017
3.6318593029220416 -3.2224935346485823
3.5724831215212998 -3.940084112817181
3.2179233573671517 -3.273654374912848
2.6464678924143343 -2.9621476776870925
2.8081327353992855 -2.6880431433469156
2.6559275953413928 -3.226764911458924
3.0341581616060886 -2.942971610912602
2.595239357395907 -1.9772964823934098
1.9817042498488489 -2.102689310184238
2.081422499554467 -1.9977797590087398
2.4996538683673273 -2.3699914160200026
1.6470311618779903 -1.7986007156160702
