255.2261006047434 -374.84775729061585
145.9055323230182 -146.5428154356068
161.89302503650362 -149.14653038979662
136.36343733065695 -132.79432070117147
136.44687725568127 -142.94469326247255
119.44216086113568 -99.63409288953876
104.73240857460449 -93.96044722782162
119.42656072130809 -77.71724257067699
85.1537054648301 -89.84147832134845
86.30690993793195 -76.53291167451651
63.135646781326244 -67.7274192222501
64.05776387617578 -73.78622219560364
72.6973417187699 -66.22603586339271
82.24101278647105 -82.89000617517054
72.08547271610821 -72.61870799483704
109.05508381377898 -70.96136860259101
78.77966662209117 -60.16707542168618
68.2248173389982 -62.94573323427014
91.81831161981442 -58.122184956164254
57.38719259174489 -51.69413509962162
