6.033805344514047 -6.224634122309461
4.58792987430191 -6.699563295614317
4.23255071339365 -5.4433302068611935
4.456510381754298 -5.322117865247632
5.276844183102651 -3.752155011253689
5.842897729451113 -3.8085825151522124
3.7459555140897023 -3.552263837767472
4.048550873388262 -4.5432737959678615
4.465367572349173 -3.5568150383574895
4.683542721989696 -3.9683216188369244
5.0953805806620185 -3.5608038715840133
3.546567784466732 -3.681099171036031
3.3541275679671463 -3.6719736131194938
3.602586662964171 -2.8406344556026086
2.8715996798932695 -2.8900886921743263
3.131424333576587 -2.9753369076396843
3.4430853610783974 -3.4476111070400606
2.548160341422123 -2.5166250085981092
3.010913150361385 -2.398207178900905
2.668561469824218 -2.5407591399924425
