2.471419629091191 -4.394420567332811
1.809719872554696 -3.367661915135098
2.141817466059349 -2.9593441372303526
2.645492957534541 -2.5752667376955576
1.8090733899531255 -2.5218820384635463
2.3260351424569192 -2.3383823022495416
1.9001667773417406 -2.3253775303122746
1.9169310551843097 -1.7407435663285638
1.7387812305323407 -2.072191710924702
2.0989991761118683 -2.04446047489993
1.8456406892982709 -1.6841104493902994
1.775073894115228 -1.3904507742574401
1.3646222658726663 -1.5071969129860956
1.3443714617499107 -1.5688973717327928
1.5599796533112156 -1.5547443068123594
1.437465623622817 -1.21411370696036
1.257121510162974 -1.3944988205123758
1.1780676331648725 -1.6577924673880298
1.4200338032768016 -1.1187251195010857
1.6934849810625834 -1.3215969016523457
